0.04107773851590106,2
0.49076517150395776,1
0.5342465753424658,1
0.022747349823321553,1
0.7044025157232704,1
0.18574108818011256,1
0.5121951219512195,1
0.5269582909460834,1
0.061837455830388695,1
0.13006134969325156,1
0.12444444444444443,1
0.04946996466431096,1
0.5323529411764706,1
0.08911850177591218,1
0.5988372093023256,1
0.489010989010989,1
0.10074074074074074,1
0.04306537102473498,1
0.1956521739130435,1
0.5521472392638037,1
0.039310954063604235,1
0.3386503067484663,1
0.5692307692307691,1
0.16666666666666669,1
0.07333333333333333,1
0.08679328621908126,1
0.22950819672131145,1
0.5368852459016393,1
0.12441314553990611,1
0.06029151943462897,1
0.2,1
0.10986775178026449,1
0.03776501766784452,1
0.07354240282685512,1
0.2288911495422177,1
0.5072463768115942,1
0.11439929328621908,1
0.5406976744186047,1
0.09938162544169611,1
0.0799469964664311,1
0.5229357798165137,1
